0000000000000000000000000000000000000000000000004020000000000000
0000000000000000000000000000000040200000000000000000000000000000
0000000000000000402000000000000000000000000000004028000000000000
000000000000000040280000000000000000000000000000402c000000000000
0000000000000000402c00000000000000000000000000004030000000000000
0000000000000000403000000000000000000000000000004032000000000000
0000000000000000403200000000000000000000000000004034000000000000
0000000000000000403400000000000000000000000000004035000000000000
0000000000000000403500000000000000000000000000004036000000000000
0000000000000000403600000000000000000000000000004037000000000000
0000000000000000403700000000000000000000000000004038000000000000
000000000000000040380000000000000000000000000000403c000000000000
0000000000000000403c00000000000000000000000000004040000000000000
0000000000000000404000000000000000000000000000004042000000000000
0000000000000000404200000000000000000000000000004044000000000000
0000000000000000404400000000000000000000000000004045000000000000
0000000000000000404500000000000000000000000000004046000000000000
0000000000000000404600000000000000000000000000004046800000000000
0000000000000000404680000000000000000000000000004047000000000000
0000000000000000404700000000000000000000000000004047800000000000
0000000000000000404780000000000000000000000000004048000000000000
0000000000000000404800000000000000000000000000004049000000000000
000000000000000040490000000000000000000000000000404a000000000000
0000000000000000404a0000000000000000000000000000404b000000000000
0000000000000000404b0000000000000000000000000000404b800000000000
0000000000000000404b8000000000000000000000000000404c000000000000
0000000000000000404c00000000000000000000000000004050000000000000
0000000000000000405000000000000040200000000000004050000000000000
4020000000000000000000000000000040280000000000000000000000000000
4020000000000000405000000000000040280000000000004050000000000000
4028000000000000000000000000000040300000000000000000000000000000
4028000000000000405000000000000040300000000000004050000000000000
4030000000000000000000000000000040320000000000000000000000000000
4030000000000000405000000000000040340000000000004050000000000000
4032000000000000000000000000000040340000000000000000000000000000
4034000000000000000000000000000040350000000000000000000000000000
4034000000000000405000000000000040380000000000004050000000000000
4035000000000000000000000000000040360000000000000000000000000000
4036000000000000000000000000000040380000000000000000000000000000
40380000000000000000000000000000403c0000000000000000000000000000
40380000000000004050000000000000403a0000000000004050000000000000
403a0000000000004050000000000000403c0000000000004050000000000000
403c000000000000000000000000000040400000000000000000000000000000
403c0000000000004050000000000000403e0000000000004050000000000000
403e000000000000405000000000000040400000000000004050000000000000
4040000000000000000000000000000040420000000000000000000000000000
4040000000000000405000000000000040420000000000004050000000000000
4042000000000000000000000000000040430000000000000000000000000000
4042000000000000405000000000000040440000000000004050000000000000
4043000000000000000000000000000040440000000000000000000000000000
4044000000000000000000000000000040450000000000000000000000000000
4044000000000000405000000000000040460000000000004050000000000000
4045000000000000000000000000000040458000000000000000000000000000
4045800000000000000000000000000040460000000000000000000000000000
4046000000000000000000000000000040470000000000000000000000000000
4046000000000000405000000000000040480000000000004050000000000000
4047000000000000000000000000000040480000000000000000000000000000
4048000000000000000000000000000040490000000000000000000000000000
40480000000000004050000000000000404a0000000000004050000000000000
40490000000000000000000000000000404a0000000000000000000000000000
404a0000000000000000000000000000404c0000000000000000000000000000
404a0000000000004050000000000000404c0000000000004050000000000000
404c000000000000000000000000000040500000000000000000000000000000
404c000000000000405000000000000040500000000000004050000000000000
4050000000000000000000000000000040500000000000004020000000000000
4050000000000000402000000000000040500000000000004028000000000000
4050000000000000402800000000000040500000000000004030000000000000
4050000000000000403000000000000040500000000000004032000000000000
4050000000000000403200000000000040500000000000004034000000000000
4050000000000000403400000000000040500000000000004035000000000000
4050000000000000403500000000000040500000000000004036000000000000
4050000000000000403600000000000040500000000000004037000000000000
4050000000000000403700000000000040500000000000004038000000000000
4050000000000000403800000000000040500000000000004039000000000000
405000000000000040390000000000004050000000000000403a000000000000
4050000000000000403a0000000000004050000000000000403c000000000000
4050000000000000403c0000000000004050000000000000403e000000000000
4050000000000000403e00000000000040500000000000004040000000000000
4050000000000000404000000000000040500000000000004040800000000000
4050000000000000404080000000000040500000000000004041000000000000
4050000000000000404100000000000040500000000000004041800000000000
4050000000000000404180000000000040500000000000004042000000000000
4050000000000000404200000000000040500000000000004042400000000000
4050000000000000404240000000000040500000000000004042800000000000
4050000000000000404280000000000040500000000000004043000000000000
4050000000000000404300000000000040500000000000004044000000000000
4050000000000000404400000000000040500000000000004044800000000000
4050000000000000404480000000000040500000000000004045000000000000
4050000000000000404500000000000040500000000000004045800000000000
4050000000000000404580000000000040500000000000004046000000000000
4050000000000000404600000000000040500000000000004047000000000000
4050000000000000404700000000000040500000000000004048000000000000
4050000000000000404800000000000040500000000000004048800000000000
4050000000000000404880000000000040500000000000004049000000000000
405000000000000040490000000000004050000000000000404a000000000000
4050000000000000404a0000000000004050000000000000404c000000000000
4050000000000000404c00000000000040500000000000004050000000000000
